chr1:0-10000000	20	1718000	1252	1571	1750	6
chr2:0-10000000	20	1506000	881	1466	1746	7
chr3:0-10000000	20	1699000	1393	1522	1751	6
chr4:0-10000000	20	1861000	704	1518	1749	6
chr5:0-10000000	20	1649000	135	1364	1750	7
chr6:0-10000000	20	1724000	1148	1483	1751	6
chr7:0-10000000	20	1696000	1126	1456	1754	6
chr8:0-10000000	20	1455000	1132	1469	1748	7
chr9:0-10000000	20	1715000	1381	1603	1750	6
chr10:0-10000000	20	1710000	684	1391	1752	6
chr11:0-10000000	20	1584000	526	1362	1753	7
chr12:0-10000000	20	1509000	938	1338	1750	7
chr13:0-10000000	20	1382000	296	1240	1749	8
chr14:0-10000000	20	1827000	755	1389	1750	6
chr15:0-10000000	20	1605000	400	1389	1755	7
chr16:0-10000000	20	1562000	374	1233	1749	7
chr17:0-10000000	20	1652000	88	1315	1751	7
chr18:0-10000000	20	1609000	279	1316	1748	7
chr19:0-10000000	20	1773000	823	1500	1749	6
chr20:0-10000000	20	1611000	252	1359	1747	7
