chr1:0-10000000	20	2469000	85	1376	1751	5
chr2:0-10000000	20	2505000	1653	1705	1751	4
chr3:0-10000000	20	2254000	708	1470	1748	5
chr4:0-10000000	20	2024000	1358	1542	1751	5
chr5:0-10000000	20	2227000	689	1448	1750	5
chr6:0-10000000	20	2178000	944	1479	1750	5
chr7:0-10000000	20	2173000	936	1489	1750	5
chr8:0-10000000	20	2393000	322	1405	1750	5
chr9:0-10000000	20	2124000	1261	1500	1748	5
chr10:0-10000000	20	2349000	567	1443	1750	5
chr11:0-10000000	20	2044000	1156	1440	1750	5
chr12:0-10000000	20	2034000	1415	1519	1753	5
chr13:0-10000000	20	2224000	768	1451	1751	5
chr14:0-10000000	20	2405000	316	1391	1752	5
chr15:0-10000000	20	2340000	494	1390	1750	5
chr16:0-10000000	20	2131000	1077	1493	1749	5
chr17:0-10000000	20	2162000	1061	1467	1749	5
chr18:0-10000000	20	1981000	82	1256	1747	6
chr19:0-10000000	20	2373000	436	1382	1750	5
chr20:0-10000000	20	2297000	543	1473	1748	5
