chr1:0-10000000	20	1705000	1424	1564	1750	6
chr2:0-10000000	20	1637000	99	1275	1750	7
chr3:0-10000000	20	1607000	366	1387	1747	7
chr4:0-10000000	20	1629000	213	1343	1749	7
chr5:0-10000000	20	1607000	483	1371	1745	7
chr6:0-10000000	20	1506000	967	1491	1747	7
chr7:0-10000000	20	1669000	1368	1550	1755	6
chr8:0-10000000	20	1750000	956	1555	1749	6
chr9:0-10000000	20	1628000	244	1384	1751	7
chr10:0-10000000	20	1531000	690	1279	1757	7
chr11:0-10000000	20	1658000	46	1346	1750	7
chr12:0-10000000	20	1738000	1362	1546	1751	6
chr13:0-10000000	20	1697000	1518	1599	1750	6
chr14:0-10000000	20	1526000	935	1377	1745	7
chr15:0-10000000	20	1581000	589	1453	1750	7
chr16:0-10000000	20	1290000	835	1331	1753	8
chr17:0-10000000	20	1638000	107	1356	1748	7
chr18:0-10000000	20	1802000	1148	1576	1749	6
chr19:0-10000000	20	1611000	437	1372	1745	7
chr20:0-10000000	20	1895000	549	1341	1750	6
