chr1:0-10000000	20	625000	1139	1321	1759	16
chr2:0-10000000	20	747000	542	1500	1748	14
chr3:0-10000000	20	786000	799	1523	1749	13
chr4:0-10000000	20	728000	1211	1508	1747	14
chr5:0-10000000	20	699000	322	1397	1751	15
chr6:0-10000000	20	715000	1265	1505	1749	14
chr7:0-10000000	20	734000	926	1492	1760	14
chr8:0-10000000	20	750000	534	1502	1747	14
chr9:0-10000000	20	585000	185	1223	1743	18
chr10:0-10000000	20	751000	616	1481	1757	14
chr11:0-10000000	20	624000	12	1269	1750	17
chr12:0-10000000	20	714000	14	1406	1748	15
chr13:0-10000000	20	663000	113	1359	1743	16
chr14:0-10000000	20	678000	1045	1361	1752	15
chr15:0-10000000	20	655000	400	1340	1756	16
chr16:0-10000000	20	511000	964	1241	1752	20
chr17:0-10000000	20	623000	45	1283	1753	17
chr18:0-10000000	20	641000	861	1335	1746	16
chr19:0-10000000	20	700000	426	1456	1743	15
chr20:0-10000000	20	744000	674	1505	1753	14
