chr1:0-10000000	20	3037000	559	1414	1750	4
chr2:0-10000000	20	2939000	723	1449	1749	4
chr3:0-10000000	20	2944000	640	1423	1750	4
chr4:0-10000000	20	2818000	936	1466	1751	4
chr5:0-10000000	20	2885000	810	1482	1750	4
chr6:0-10000000	20	2930000	670	1455	1750	4
chr7:0-10000000	20	2942000	648	1460	1750	4
chr8:0-10000000	20	2723000	1112	1571	1752	4
chr9:0-10000000	20	2872000	803	1475	1749	4
chr10:0-10000000	20	2693000	1060	1506	1750	4
chr11:0-10000000	20	2719000	1088	1557	1751	4
chr12:0-10000000	20	2729000	1108	1516	1750	4
chr13:0-10000000	20	2889000	722	1456	1749	4
chr14:0-10000000	20	2909000	721	1440	1751	4
chr15:0-10000000	20	2732000	1112	1522	1750	4
chr16:0-10000000	20	2883000	885	1480	1751	4
chr17:0-10000000	20	3010000	547	1418	1750	4
chr18:0-10000000	20	2926000	722	1456	1750	4
chr19:0-10000000	20	2908000	796	1479	1752	4
chr20:0-10000000	20	2945000	696	1470	1751	4
