chr1:0-10000000	20	623000	68	1235	1750	17
chr2:0-10000000	20	778000	1038	1412	1749	13
chr3:0-10000000	20	561000	975	1359	1741	18
chr4:0-10000000	20	729000	1070	1345	1750	14
chr5:0-10000000	20	751000	294	1494	1751	14
chr6:0-10000000	20	725000	1198	1539	1746	14
chr7:0-10000000	20	666000	13	1349	1763	16
chr8:0-10000000	20	679000	1022	1354	1747	15
chr9:0-10000000	20	472000	132	968	1761	22
chr10:0-10000000	20	524000	115	1087	1748	20
chr11:0-10000000	20	659000	165	1350	1758	16
chr12:0-10000000	20	695000	606	1452	1750	15
chr13:0-10000000	20	726000	1091	1478	1751	14
chr14:0-10000000	20	712000	60	1353	1746	15
chr15:0-10000000	20	693000	463	1420	1753	15
chr16:0-10000000	20	650000	607	1332	1749	16
chr17:0-10000000	20	697000	527	1440	1750	15
chr18:0-10000000	20	786000	1375	1466	1754	13
chr19:0-10000000	20	318000	354	1165	1750	32
chr20:0-10000000	20	711000	74	1385	1756	15
