chr1:0-10000000	20	2776000	963	1528	1750	4
chr2:0-10000000	20	2743000	1038	1530	1750	4
chr3:0-10000000	20	2772000	984	1525	1749	4
chr4:0-10000000	20	2838000	937	1523	1750	4
chr5:0-10000000	20	2844000	862	1516	1748	4
chr6:0-10000000	20	3001000	548	1429	1749	4
chr7:0-10000000	20	2803000	895	1510	1750	4
chr8:0-10000000	20	2872000	781	1447	1750	4
chr9:0-10000000	20	2979000	632	1436	1749	4
chr10:0-10000000	20	2908000	801	1492	1750	4
chr11:0-10000000	20	2917000	785	1478	1750	4
chr12:0-10000000	20	2908000	702	1414	1748	4
chr13:0-10000000	20	2791000	914	1475	1748	4
chr14:0-10000000	20	2896000	769	1491	1750	4
chr15:0-10000000	20	2869000	844	1516	1749	4
chr16:0-10000000	20	2869000	822	1432	1750	4
chr17:0-10000000	20	2862000	784	1456	1750	4
chr18:0-10000000	20	2839000	838	1478	1750	4
chr19:0-10000000	20	2844000	944	1509	1748	4
chr20:0-10000000	20	2733000	1108	1547	1749	4
