chr1:0-10000000	20	767000	72	1522	1749	14
chr2:0-10000000	20	772000	1430	1588	1752	13
chr3:0-10000000	20	790000	931	1582	1749	13
chr4:0-10000000	20	732000	1232	1556	1761	14
chr5:0-10000000	20	743000	757	1497	1753	14
chr6:0-10000000	20	759000	337	1529	1747	14
chr7:0-10000000	20	714000	9	1414	1749	15
chr8:0-10000000	20	731000	1133	1570	1754	14
chr9:0-10000000	20	729000	1119	1538	1753	14
chr10:0-10000000	20	729000	1093	1550	1750	14
chr11:0-10000000	20	766000	79	1544	1766	14
chr12:0-10000000	20	715000	1384	1552	1740	14
chr13:0-10000000	20	746000	733	1496	1744	14
chr14:0-10000000	20	739000	790	1475	1756	14
chr15:0-10000000	20	711000	89	1462	1750	15
chr16:0-10000000	20	770000	1430	1619	1757	13
chr17:0-10000000	20	727000	1193	1510	1749	14
chr18:0-10000000	20	771000	1426	1590	1753	13
chr19:0-10000000	20	717000	1334	1522	1750	14
chr20:0-10000000	20	750000	443	1537	1751	14
